
  RooFitResult: minimized FCN value: -1.3202e+06, estimated distance to minimum: 33.9395
                covariance matrix quality: Full, accurate covariance matrix

    Constant Parameter    Value     
  --------------------  ------------
              peakFail    9.1188e+01
              peakPass    9.1188e+01

    Floating Parameter  InitialValue    FinalValue +/-  Error     GblCorr.
  --------------------  ------------  --------------------------  --------
              NbkgFail    1.3781e+03    1.0056e+04 +/-  1.53e+02  <none>
              NbkgPass    5.0000e+01    5.5292e+01 +/-  3.07e+01  <none>
                  Nsig    1.4467e+05    1.7072e+05 +/-  4.30e+02  <none>
              alfaFail    5.0000e+01    6.4537e+01 +/-  1.27e+00  <none>
              alfaPass    5.0000e+01    1.9996e+02 +/-  1.19e+02  <none>
              betaFail    1.0000e-02    7.0140e-02 +/-  9.36e-03  <none>
              betaPass    1.0000e-02    4.7349e-03 +/-  9.67e-05  <none>
                   eff    8.0000e-01    9.7820e-01 +/-  7.49e-04  <none>
             gammaFail    1.0000e-01    3.5799e-02 +/-  2.23e-03  <none>
             gammaPass    1.0000e-01    2.4295e-01 +/-  1.62e-01  <none>
              meanFail    0.0000e+00    2.3908e-03 +/-  8.38e-02  <none>
              meanPass    0.0000e+00   -1.1579e-01 +/-  6.67e-03  <none>
             sigmaFail    2.0000e+00    5.3513e-01 +/-  1.98e-01  <none>
             sigmaPass    2.0000e+00    1.2756e-02 +/-  7.89e-03  <none>


  Correlation Matrix
 --------------------
   1.0000  -0.0000  -0.2022  -0.5611   0.0000  -0.5003   0.0001   0.6653   0.4884   0.0000   0.1187  -0.0000  -0.4091   0.0000
  -0.0000   1.0000  -0.0670   0.0000  -0.0001   0.0000  -0.0000  -0.0049  -0.0000  -0.7752   0.0000   0.0456  -0.0000  -0.0190
  -0.2022  -0.0670   1.0000   0.1993   0.0000   0.1777  -0.0000  -0.2360  -0.1735   0.0551  -0.0422  -0.0032   0.1454   0.0014
  -0.5611   0.0000   0.1993   1.0000  -0.0000   0.8469  -0.0000  -0.6558  -0.9480  -0.0000  -0.1717   0.0000   0.3953  -0.0000
   0.0000  -0.0001   0.0000  -0.0000   1.0000  -0.0000  -0.0000   0.0000   0.0000  -0.0007  -0.0000  -0.0000  -0.0000  -0.0000
  -0.5003   0.0000   0.1777   0.8469  -0.0000   1.0000   0.0000  -0.5847  -0.8286  -0.0000  -0.1045   0.0000   0.3510   0.0000
   0.0001  -0.0000  -0.0000  -0.0000  -0.0000   0.0000   1.0000   0.0001   0.0000  -0.0002   0.0000  -0.0003  -0.0001   0.0123
   0.6653  -0.0049  -0.2360  -0.6558   0.0000  -0.5847   0.0001   1.0000   0.5708   0.0040   0.1387  -0.0002  -0.4781   0.0001
   0.4884  -0.0000  -0.1735  -0.9480   0.0000  -0.8286   0.0000   0.5708   1.0000   0.0000   0.1917  -0.0000  -0.3416   0.0000
   0.0000  -0.7752   0.0551  -0.0000  -0.0007  -0.0000  -0.0002   0.0040   0.0000   1.0000  -0.0000  -0.0269   0.0000   0.0021
   0.1187   0.0000  -0.0422  -0.1717  -0.0000  -0.1045   0.0000   0.1387   0.1917  -0.0000   1.0000   0.0000  -0.1013   0.0000
  -0.0000   0.0456  -0.0032   0.0000  -0.0000   0.0000  -0.0003  -0.0002  -0.0000  -0.0269   0.0000   1.0000   0.0000  -0.0303
  -0.4091  -0.0000   0.1454   0.3953  -0.0000   0.3510  -0.0001  -0.4781  -0.3416   0.0000  -0.1013   0.0000   1.0000  -0.0000
   0.0000  -0.0190   0.0014  -0.0000  -0.0000   0.0000   0.0123   0.0001   0.0000   0.0021   0.0000  -0.0303  -0.0000   1.0000
