
  RooFitResult: minimized FCN value: -501521, estimated distance to minimum: 21.6944
                covariance matrix quality: Full matrix, but forced positive-definite

    Constant Parameter    Value     
  --------------------  ------------
              peakFail    9.1188e+01
              peakPass    9.1188e+01

    Floating Parameter  InitialValue    FinalValue +/-  Error     GblCorr.
  --------------------  ------------  --------------------------  --------
              NbkgFail    6.2370e+02    5.0720e+03 +/-  5.36e+01  <none>
              NbkgPass    5.0000e+01    8.6011e+01 +/-  2.39e+02  <none>
                  Nsig    6.2632e+04    7.3133e+04 +/-  2.21e+02  <none>
              alfaFail    6.0000e+01    6.1029e+01 +/-  4.03e-01  <none>
              alfaPass    5.0000e+01    5.4697e+01 +/-  1.69e+02  <none>
              betaFail    7.0000e-02    8.4630e-02 +/-  7.55e-03  <none>
              betaPass    1.0000e-02    4.6947e-02 +/-  5.02e+00  <none>
                   eff    8.0000e-01    9.8408e-01 +/-  4.99e-04  <none>
             gammaFail    1.0000e-01    2.5165e-02 +/-  6.77e-04  <none>
             gammaPass    1.0000e-01    4.3203e-02 +/-  1.95e-01  <none>
              meanFail    0.0000e+00   -3.7376e-01 +/-  1.09e-01  <none>
              meanPass    0.0000e+00   -1.3155e-01 +/-  7.42e-03  <none>
             sigmaFail    2.0000e+00    3.0976e-04 +/-  7.40e-01  <none>
             sigmaPass    2.0000e+00    3.2828e-02 +/-  3.34e-02  <none>


  Correlation Matrix
 --------------------
   1.0000  -0.0085  -0.0207   0.0514  -0.0083  -0.0493   0.0083   0.2166   0.0059  -0.0082   0.0378   0.0012  -0.0143  -0.0000
  -0.0085   1.0000  -0.5409  -0.0039   0.9826   0.0038  -0.9823  -0.0910  -0.0004   0.9613  -0.0028  -0.1376   0.0011   0.0010
  -0.0207  -0.5409   1.0000  -0.0095  -0.5320   0.0091   0.5318   0.0003  -0.0011  -0.5204  -0.0071   0.0744   0.0027  -0.0005
   0.0514  -0.0039  -0.0095   1.0000  -0.0039   0.0886   0.0039   0.0999   0.3132  -0.0038   0.0261   0.0005  -0.0063  -0.0000
  -0.0083   0.9826  -0.5320  -0.0039   1.0000   0.0037  -0.9968  -0.0895  -0.0004   0.9920  -0.0028  -0.1463   0.0011   0.0020
  -0.0493   0.0038   0.0091   0.0886   0.0037   1.0000  -0.0037  -0.0960  -0.2533   0.0036  -0.0100  -0.0005   0.0060   0.0000
   0.0083  -0.9823   0.5318   0.0039  -0.9968  -0.0037   1.0000   0.0894   0.0004  -0.9893   0.0028   0.1455  -0.0011  -0.0020
   0.2166  -0.0910   0.0003   0.0999  -0.0895  -0.0960   0.0894   1.0000   0.0114  -0.0875   0.0732   0.0125  -0.0277  -0.0001
   0.0059  -0.0004  -0.0011   0.3132  -0.0004  -0.2533   0.0004   0.0114   1.0000  -0.0004   0.0519   0.0001  -0.0008  -0.0000
  -0.0082   0.9613  -0.5204  -0.0038   0.9920   0.0036  -0.9893  -0.0875  -0.0004   1.0000  -0.0027  -0.1451   0.0010   0.0022
   0.0378  -0.0028  -0.0071   0.0261  -0.0028  -0.0100   0.0028   0.0732   0.0519  -0.0027   1.0000   0.0004  -0.0453  -0.0000
   0.0012  -0.1376   0.0744   0.0005  -0.1463  -0.0005   0.1455   0.0125   0.0001  -0.1451   0.0004   1.0000  -0.0001  -0.0982
  -0.0143   0.0011   0.0027  -0.0063   0.0011   0.0060  -0.0011  -0.0277  -0.0008   0.0010  -0.0453  -0.0001   1.0000   0.0000
  -0.0000   0.0010  -0.0005  -0.0000   0.0020   0.0000  -0.0020  -0.0001  -0.0000   0.0022  -0.0000  -0.0982   0.0000   1.0000
