
  RooFitResult: minimized FCN value: -926974, estimated distance to minimum: 7.92701e-05
                covariance matrix quality: Full, accurate covariance matrix

    Constant Parameter    Value     
  --------------------  ------------
              peakFail    9.1188e+01
              peakPass    9.1188e+01

    Floating Parameter  InitialValue    FinalValue +/-  Error     GblCorr.
  --------------------  ------------  --------------------------  --------
              NbkgFail    1.3904e+04    1.3904e+04 +/-  1.57e+02  <none>
              NbkgPass    1.0605e+02    1.0605e+02 +/-  1.58e+01  <none>
                  Nsig    1.2267e+05    1.2267e+05 +/-  3.65e+02  <none>
              alfaFail    6.0520e+01    6.0520e+01 +/-  6.70e-01  <none>
              alfaPass    6.4880e+01    6.4880e+01 +/-  1.94e-02  <none>
              betaFail    7.5425e-02    7.5426e-02 +/-  1.04e-02  <none>
              betaPass    1.0000e+01    1.0000e+01 +/-  3.70e-01  <none>
                   eff    9.7621e-01    9.7621e-01 +/-  9.34e-04  <none>
             gammaFail    2.0740e-02    2.0740e-02 +/-  1.19e-03  <none>
             gammaPass    1.0000e+00    1.0000e+00 +/-  1.92e-02  <none>
              meanFail   -2.7990e-01   -2.7990e-01 +/-  2.77e-07  <none>
              meanPass   -1.4253e-01   -1.4253e-01 +/-  8.75e-03  <none>
             sigmaFail    2.5608e-05    2.3469e-05 +/-  1.09e+00  <none>
             sigmaPass    1.5878e-02    1.5752e-02 +/-  1.71e-02  <none>


  Correlation Matrix
 --------------------
   1.0000  -0.0000  -0.1876   0.3135  -0.0000  -0.3265  -0.0000   0.5846   0.3304  -0.0000  -0.0000   0.0000  -0.1888   0.0000
  -0.0000   1.0000  -0.0247  -0.0000   0.0370   0.0000  -0.0048  -0.0019  -0.0000   0.0027   0.0000   0.0146   0.0000  -0.0011
  -0.1876  -0.0247   1.0000  -0.1347  -0.0016   0.1403   0.0002  -0.2512  -0.1420  -0.0001   0.0000  -0.0006   0.0811   0.0000
   0.3135  -0.0000  -0.1347   1.0000  -0.0000  -0.2418   0.0000   0.4198   0.7043  -0.0000  -0.0000   0.0000  -0.1294   0.0000
  -0.0000   0.0370  -0.0016  -0.0000   1.0000  -0.0000  -0.0195  -0.0001   0.0000  -0.0024   0.0000   0.0008   0.0000  -0.0002
  -0.3265   0.0000   0.1403  -0.2418  -0.0000   1.0000   0.0000  -0.4373  -0.7047  -0.0000   0.0000  -0.0000   0.1329  -0.0000
  -0.0000  -0.0048   0.0002   0.0000  -0.0195   0.0000   1.0000   0.0000  -0.0000   0.0001  -0.0000  -0.0001   0.0000   0.0000
   0.5846  -0.0019  -0.2512   0.4198  -0.0001  -0.4373   0.0000   1.0000   0.4425  -0.0000  -0.0000  -0.0000  -0.2528   0.0000
   0.3304  -0.0000  -0.1420   0.7043   0.0000  -0.7047  -0.0000   0.4425   1.0000   0.0000  -0.0000   0.0000  -0.1327   0.0000
  -0.0000   0.0027  -0.0001  -0.0000  -0.0024  -0.0000   0.0001  -0.0000   0.0000   1.0000   0.0000   0.0000   0.0000  -0.0000
  -0.0000   0.0000   0.0000  -0.0000   0.0000   0.0000  -0.0000  -0.0000  -0.0000   0.0000   1.0000   0.0000   0.0000   0.0000
   0.0000   0.0146  -0.0006   0.0000   0.0008  -0.0000  -0.0001  -0.0000   0.0000   0.0000   0.0000   1.0000  -0.0000   0.0876
  -0.1888   0.0000   0.0811  -0.1294   0.0000   0.1329   0.0000  -0.2528  -0.1327   0.0000   0.0000  -0.0000   1.0000  -0.0000
   0.0000  -0.0011   0.0000   0.0000  -0.0002  -0.0000   0.0000   0.0000   0.0000  -0.0000   0.0000   0.0876  -0.0000   1.0000
