
  RooFitResult: minimized FCN value: -190427, estimated distance to minimum: 0.0133269
                covariance matrix quality: Full matrix, but forced positive-definite

    Constant Parameter    Value     
  --------------------  ------------
              peakFail    9.1188e+01
              peakPass    9.1188e+01

    Floating Parameter  InitialValue    FinalValue +/-  Error     GblCorr.
  --------------------  ------------  --------------------------  --------
              NbkgFail    8.9645e+03    8.9639e+03 +/-  8.25e+01  <none>
              NbkgPass    3.7178e+02    3.7149e+02 +/-  1.52e+02  <none>
                  Nsig    2.8599e+04    2.8599e+04 +/-  1.62e+02  <none>
              alfaFail    5.7156e+01    5.7603e+01 +/-  2.20e+00  <none>
              alfaPass    8.4864e+01    8.4774e+01 +/-  7.04e+01  <none>
              betaFail    2.1441e-02    2.1329e-02 +/-  3.09e-03  <none>
              betaPass    2.4203e-02    2.4287e-02 +/-  3.22e-02  <none>
                   eff    9.5824e-01    9.5823e-01 +/-  2.14e-03  <none>
             gammaFail    3.1150e-06    1.5824e-04 +/-  9.43e-04  <none>
             gammaPass    2.1608e-06    1.8150e-07 +/-  9.42e-01  <none>
              meanFail    1.0154e+00    1.0205e+00 +/-  3.71e-01  <none>
              meanPass   -9.1589e-02   -9.1596e-02 +/-  1.39e-02  <none>
             sigmaFail    3.2502e+00    3.2523e+00 +/-  4.41e-01  <none>
             sigmaPass    1.9989e-02    1.8196e-02 +/-  5.33e-02  <none>


  Correlation Matrix
 --------------------
   1.0000  -0.0426  -0.0800   0.0147   0.0399   0.0988   0.0386   0.3921  -0.0414   0.0405  -0.0114   0.0187  -0.1281  -0.0036
  -0.0426   1.0000  -0.5554  -0.0030  -0.9246  -0.0200  -0.8944  -0.1713   0.0084  -0.9372   0.0023  -0.4323   0.0256   0.0839
  -0.0800  -0.5554   1.0000  -0.0056   0.5211  -0.0376   0.5041  -0.0953   0.0157   0.5282   0.0044   0.2436   0.0490  -0.0473
   0.0147  -0.0030  -0.0056   1.0000   0.0028  -0.1803   0.0027   0.0275   0.7523   0.0028  -0.0026   0.0013  -0.0011  -0.0003
   0.0399  -0.9246   0.5211   0.0028   1.0000   0.0188   0.9403   0.1607  -0.0079   0.9901  -0.0021   0.4610  -0.0240  -0.0900
   0.0988  -0.0200  -0.0376  -0.1803   0.0188   1.0000   0.0182   0.1843  -0.2503   0.0191   0.1359   0.0088  -0.0054  -0.0017
   0.0386  -0.8944   0.5041   0.0027   0.9403   0.0182   1.0000   0.1555  -0.0076   0.9722  -0.0021   0.4589  -0.0232  -0.0897
   0.3921  -0.1713  -0.0953   0.0275   0.1607   0.1843   0.1555   1.0000  -0.0772   0.1629  -0.0212   0.0751  -0.2380  -0.0146
  -0.0414   0.0084   0.0157   0.7523  -0.0079  -0.2503  -0.0076  -0.0772   1.0000  -0.0080   0.0938  -0.0037   0.0056   0.0007
   0.0405  -0.9372   0.5282   0.0028   0.9901   0.0191   0.9722   0.1629  -0.0080   1.0000  -0.0022   0.4698  -0.0244  -0.0917
  -0.0114   0.0023   0.0044  -0.0026  -0.0021   0.1359  -0.0021  -0.0212   0.0938  -0.0022   1.0000  -0.0010   0.1301   0.0002
   0.0187  -0.4323   0.2436   0.0013   0.4610   0.0088   0.4589   0.0751  -0.0037   0.4698  -0.0010   1.0000  -0.0112  -0.1901
  -0.1281   0.0256   0.0490  -0.0011  -0.0240  -0.0054  -0.0232  -0.2380   0.0056  -0.0244   0.1301  -0.0112   1.0000   0.0022
  -0.0036   0.0839  -0.0473  -0.0003  -0.0900  -0.0017  -0.0897  -0.0146   0.0007  -0.0917   0.0002  -0.1901   0.0022   1.0000
