
  RooFitResult: minimized FCN value: -147637, estimated distance to minimum: 0.0173657
                covariance matrix quality: Full, accurate covariance matrix

    Constant Parameter    Value     
  --------------------  ------------
              peakFail    8.5000e+01
              peakPass    9.1188e+01

    Floating Parameter  InitialValue    FinalValue +/-  Error     GblCorr.
  --------------------  ------------  --------------------------  --------
              NbkgFail    1.1649e+03    1.0352e+04 +/-  2.68e+02  <none>
              NbkgPass    5.0000e+01    1.4742e+02 +/-  8.39e+01  <none>
                  Nsig    2.5572e+04    2.1465e+04 +/-  3.00e+02  <none>
              alfaFail    5.0000e+01    6.0355e+01 +/-  2.31e+00  <none>
              alfaPass    5.0000e+01    6.0841e+01 +/-  9.94e-02  <none>
              betaFail    1.0000e-02    3.6917e-02 +/-  5.64e-03  <none>
              betaPass    1.0000e-02    9.9960e+00 +/-  8.11e+00  <none>
                   eff    8.0000e-01    9.3957e-01 +/-  1.10e-02  <none>
             gammaFail    1.0000e-01    2.9325e-05 +/-  1.86e-04  <none>
             gammaPass    1.0000e-01    1.7697e-02 +/-  2.93e-02  <none>
              meanFail    0.0000e+00    9.5432e-01 +/-  6.10e-01  <none>
              meanPass    0.0000e+00   -1.6157e-01 +/-  3.15e-02  <none>
             sigmaFail    2.0000e+00    3.4036e+00 +/-  1.23e+00  <none>
             sigmaPass    2.0000e+00    5.1487e-02 +/-  1.56e-01  <none>


  Correlation Matrix
 --------------------
   1.0000  -0.0001  -0.7660   0.2153   0.0000  -0.4648  -0.0000   0.9150  -0.5606   0.0001  -0.1256   0.0000   0.7810   0.0001
  -0.0001   1.0000  -0.2739  -0.0000  -0.0383   0.0000   0.0194  -0.0211   0.0001  -0.9379   0.0000  -0.3368  -0.0001  -0.5280
  -0.7660  -0.2739   1.0000  -0.1926   0.0107   0.4158  -0.0054  -0.8126   0.5014   0.2623   0.1123   0.0942  -0.6986   0.1477
   0.2153  -0.0000  -0.1926   1.0000  -0.0000  -0.1403   0.0000   0.2301  -0.8231   0.0000  -0.2318   0.0000   0.2941   0.0000
   0.0000  -0.0383   0.0107  -0.0000   1.0000  -0.0000  -0.3681   0.0008   0.0000   0.0570   0.0000   0.0159   0.0000   0.0213
  -0.4648   0.0000   0.4158  -0.1403  -0.0000   1.0000   0.0000  -0.4967   0.4995  -0.0000  -0.2301  -0.0000  -0.4410  -0.0000
  -0.0000   0.0194  -0.0054   0.0000  -0.3681   0.0000   1.0000  -0.0004  -0.0000  -0.0307  -0.0000  -0.0082  -0.0000  -0.0108
   0.9150  -0.0211  -0.8126   0.2301   0.0008  -0.4967  -0.0004   1.0000  -0.5990   0.0202  -0.1342   0.0073   0.8345   0.0114
  -0.5606   0.0001   0.5014  -0.8231   0.0000   0.4995  -0.0000  -0.5990   1.0000  -0.0000   0.2304  -0.0000  -0.5762  -0.0000
   0.0001  -0.9379   0.2623   0.0000   0.0570  -0.0000  -0.0307   0.0202  -0.0000   1.0000  -0.0000   0.3359   0.0001   0.5088
  -0.1256   0.0000   0.1123  -0.2318   0.0000  -0.2301  -0.0000  -0.1342   0.2304  -0.0000   1.0000  -0.0000  -0.1473  -0.0000
   0.0000  -0.3368   0.0942   0.0000   0.0159  -0.0000  -0.0082   0.0073  -0.0000   0.3359  -0.0000   1.0000   0.0000   0.7216
   0.7810  -0.0001  -0.6986   0.2941   0.0000  -0.4410  -0.0000   0.8345  -0.5762   0.0001  -0.1473   0.0000   1.0000   0.0000
   0.0001  -0.5280   0.1477   0.0000   0.0213  -0.0000  -0.0108   0.0114  -0.0000   0.5088  -0.0000   0.7216   0.0000   1.0000
