
  RooFitResult: minimized FCN value: -3.8749e+06, estimated distance to minimum: 23.9192
                covariance matrix quality: Full matrix, but forced positive-definite

    Constant Parameter    Value     
  --------------------  ------------
              peakFail    9.1188e+01
              peakPass    9.1188e+01

    Floating Parameter  InitialValue    FinalValue +/-  Error     GblCorr.
  --------------------  ------------  --------------------------  --------
              NbkgFail    5.3968e+04    5.3968e+04 +/-  5.10e+01  <none>
              NbkgPass    1.2327e+03    1.2327e+03 +/-  3.94e+01  <none>
                  Nsig    4.2843e+05    4.2843e+05 +/-  1.35e+02  <none>
              alfaFail    5.8609e+01    5.8609e+01 +/-  1.10e+00  <none>
              alfaPass    1.1160e+02    1.1160e+02 +/-  3.01e-01  <none>
              betaFail    5.9929e-02    5.9929e-02 +/-  5.27e-02  <none>
              betaPass    1.4536e-01    1.4536e-01 +/-  2.70e-03  <none>
                   eff    9.7757e-01    9.7757e-01 +/-  8.54e-05  <none>
             gammaFail    1.0878e-02    1.0878e-02 +/-  1.15e-04  <none>
             gammaPass    5.4011e-01    5.4011e-01 +/-  8.55e-03  <none>
              meanFail   -2.7992e-02   -2.7992e-02 +/-  1.43e-02  <none>
              meanPass   -1.3107e-01   -1.3107e-01 +/-  9.02e-04  <none>
             sigmaFail    5.0834e-01    5.0834e-01 +/-  3.08e-02  <none>
             sigmaPass    1.0448e-02    7.6142e-03 +/-  1.08e-03  <none>


  Correlation Matrix
 --------------------
   1.0000  -0.0002  -0.0092   0.1460   0.0001  -0.1460   0.0000   0.0833   0.1288   0.0000  -0.0152   0.0000  -0.0147   0.0000
  -0.0002   1.0000  -0.0123  -0.0009  -0.1675   0.0009  -0.0754  -0.0031  -0.0008  -0.0069   0.0001  -0.0061   0.0001  -0.0087
  -0.0092  -0.0123   1.0000  -0.0499   0.0037   0.0499   0.0017  -0.0284  -0.0440   0.0002   0.0052   0.0001   0.0050   0.0002
   0.1460  -0.0009  -0.0499   1.0000   0.0003  -0.9990   0.0001   0.4500   0.8840   0.0000  -0.1054   0.0000  -0.0767   0.0000
   0.0001  -0.1675   0.0037   0.0003   1.0000  -0.0003  -0.0203   0.0009   0.0002   0.0315  -0.0000   0.0025  -0.0000   0.0033
  -0.1460   0.0009   0.0499  -0.9990  -0.0003   1.0000  -0.0001  -0.4500  -0.8839  -0.0000   0.1054  -0.0000   0.0768  -0.0000
   0.0000  -0.0754   0.0017   0.0001  -0.0203  -0.0001   1.0000   0.0004   0.0001   0.1301  -0.0000   0.0016  -0.0000   0.0023
   0.0833  -0.0031  -0.0284   0.4500   0.0009  -0.4500   0.0004   1.0000   0.3968   0.0000  -0.0467   0.0000  -0.0454   0.0000
   0.1288  -0.0008  -0.0440   0.8840   0.0002  -0.8839   0.0001   0.3968   1.0000   0.0000  -0.0907   0.0000  -0.0677   0.0000
   0.0000  -0.0069   0.0002   0.0000   0.0315  -0.0000   0.1301   0.0000   0.0000   1.0000  -0.0000   0.0022  -0.0000  -0.0001
  -0.0152   0.0001   0.0052  -0.1054  -0.0000   0.1054  -0.0000  -0.0467  -0.0907  -0.0000   1.0000  -0.0000   0.0097  -0.0000
   0.0000  -0.0061   0.0001   0.0000   0.0025  -0.0000   0.0016   0.0000   0.0000   0.0022  -0.0000   1.0000  -0.0000   0.0026
  -0.0147   0.0001   0.0050  -0.0767  -0.0000   0.0768  -0.0000  -0.0454  -0.0677  -0.0000   0.0097  -0.0000   1.0000  -0.0000
   0.0000  -0.0087   0.0002   0.0000   0.0033  -0.0000   0.0023   0.0000   0.0000  -0.0001  -0.0000   0.0026  -0.0000   1.0000
