
  RooFitResult: minimized FCN value: -1.47467e+06, estimated distance to minimum: 0.000186774
                covariance matrix quality: Full, accurate covariance matrix

    Floating Parameter  InitialValue    FinalValue (+HiError,-LoError)    GblCorr.
  --------------------  ------------  ----------------------------------  --------
              NbkgFail    2.4425e+03    1.9209e+04         +/-  1.82e+02  <none>
              NbkgPass    5.0000e+01    5.1874e+02         +/-  1.04e+02  <none>
                  Nsig    1.6310e+05    1.8415e+05         +/-  4.56e+02  <none>
                   eff    8.0000e-01    9.7167e-01 (+7.43e-04,-7.53e-04)  <none>
              meanFail    0.0000e+00   -3.0810e-01         +/-  9.58e-02  <none>
              meanPass    0.0000e+00   -1.1648e-01         +/-  6.56e-03  <none>
             sigmaFail    2.0000e+00    1.5417e+00         +/-  2.06e-01  <none>
             sigmaPass    2.0000e+00    1.8482e-02         +/-  1.12e-02  <none>
                 tFail   -1.0000e-01   -1.0282e-02         +/-  4.34e-04  <none>
                 tPass   -1.0000e-01   -1.7192e-02         +/-  8.78e-03  <none>


  Correlation Matrix
 --------------------
   1.0000   0.0002  -0.1691   0.5533   0.1369  -0.0000   0.3805   0.0000  -0.0644  -0.0001
   0.0002   1.0000   0.2096   0.0202   0.0000  -0.0511   0.0001   0.0910  -0.0000  -0.2797
  -0.1691   0.2096   1.0000  -0.2174  -0.0549  -0.0112  -0.1527   0.0201   0.0258  -0.0623
   0.5533   0.0202  -0.2174   1.0000   0.1794  -0.0011   0.4987   0.0019  -0.0845  -0.0060
   0.1369   0.0000  -0.0549   0.1794   1.0000  -0.0000   0.2978   0.0000   0.1194  -0.0000
  -0.0000  -0.0511  -0.0112  -0.0011  -0.0000   1.0000  -0.0000  -0.0286   0.0000  -0.0502
   0.3805   0.0001  -0.1527   0.4987   0.2978  -0.0000   1.0000   0.0000  -0.0369  -0.0000
   0.0000   0.0910   0.0201   0.0019   0.0000  -0.0286   0.0000   1.0000  -0.0000  -0.0252
  -0.0644  -0.0000   0.0258  -0.0845   0.1194   0.0000  -0.0369  -0.0000   1.0000   0.0000
  -0.0001  -0.2797  -0.0623  -0.0060  -0.0000  -0.0502  -0.0000  -0.0252   0.0000   1.0000
