
  RooFitResult: minimized FCN value: -550144, estimated distance to minimum: 9.55703e-10
                covariance matrix quality: Full, accurate covariance matrix

    Floating Parameter  InitialValue    FinalValue (+HiError,-LoError)    GblCorr.
  --------------------  ------------  ----------------------------------  --------
              NbkgFail    1.0593e+03    8.8699e+03         +/-  1.34e+02  <none>
              NbkgPass    5.0000e+01    9.1829e+01         +/-  7.00e+01  <none>
                  Nsig    6.9434e+04    7.7831e+04         +/-  3.03e+02  <none>
                   eff    8.0000e-01    9.7786e-01 (+1.28e-03,-1.35e-03)  <none>
              meanFail    0.0000e+00   -8.7072e-01         +/-  2.28e-01  <none>
              meanPass    0.0000e+00   -1.3054e-01         +/-  1.06e-02  <none>
             sigmaFail    2.0000e+00    1.8365e+00         +/-  5.11e-01  <none>
             sigmaPass    2.0000e+00    1.7225e-02         +/-  1.92e-02  <none>
                 tFail   -1.0000e-01   -9.4366e-03         +/-  6.36e-04  <none>
                 tPass   -1.0000e-01   -3.5845e-02         +/-  3.60e-02  <none>


  Correlation Matrix
 --------------------
   1.0000   0.0010  -0.2245   0.6516   0.2388   0.0001   0.4940  -0.0001  -0.0205   0.0007
   0.0010   1.0000  -0.2274  -0.0133   0.0012   0.0469   0.0029  -0.1337  -0.0004   0.6817
  -0.2245  -0.2274   1.0000  -0.2853  -0.1059  -0.0109  -0.2193   0.0310   0.0092  -0.1580
   0.6516  -0.0133  -0.2853   1.0000   0.3069  -0.0006   0.6351   0.0018  -0.0263  -0.0092
   0.2388   0.0012  -0.1059   0.3069   1.0000   0.0001   0.4385  -0.0002   0.1528   0.0008
   0.0001   0.0469  -0.0109  -0.0006   0.0001   1.0000   0.0001   0.0600  -0.0000  -0.0098
   0.4940   0.0029  -0.2193   0.6351   0.4385   0.0001   1.0000  -0.0004   0.0137   0.0020
  -0.0001  -0.1337   0.0310   0.0018  -0.0002   0.0600  -0.0004   1.0000   0.0001  -0.0961
  -0.0205  -0.0004   0.0092  -0.0263   0.1528  -0.0000   0.0137   0.0001   1.0000  -0.0003
   0.0007   0.6817  -0.1580  -0.0092   0.0008  -0.0098   0.0020  -0.0961  -0.0003   1.0000
