
  RooFitResult: minimized FCN value: -155470, estimated distance to minimum: 3.57748e-07
                covariance matrix quality: Full, accurate covariance matrix

    Floating Parameter  InitialValue    FinalValue (+HiError,-LoError)    GblCorr.
  --------------------  ------------  ----------------------------------  --------
              NbkgFail    1.2900e+03    9.8436e+03         +/-  1.58e+02  <none>
              NbkgPass    5.0000e+01    1.7845e+02         +/-  5.53e+01  <none>
                  Nsig    2.6869e+04    2.3564e+04         +/-  2.04e+02  <none>
                   eff    8.0000e-01    8.7029e-01 (+5.10e-03,-5.08e-03)  <none>
              meanFail    0.0000e+00    2.3611e+00         +/-  3.81e-01  <none>
              meanPass    0.0000e+00   -1.2876e-01         +/-  2.55e-02  <none>
             sigmaFail    2.0000e+00    5.0000e+00         +/-  3.78e-02  <none>
             sigmaPass    2.0000e+00    3.2401e-01         +/-  7.46e-02  <none>
                 tFail   -1.0000e-01   -1.4877e-14         +/-  2.50e-05  <none>
                 tPass   -1.0000e-01   -1.0591e-02         +/-  1.45e-02  <none>


  Correlation Matrix
 --------------------
   1.0000  -0.0002  -0.4712   0.7014   0.0513   0.0000   0.0197   0.0000  -0.0048  -0.0001
  -0.0002   1.0000  -0.2548  -0.0566   0.0000  -0.0153  -0.0000  -0.1337   0.0000   0.7987
  -0.4712  -0.2548   1.0000  -0.5293  -0.0398   0.0041  -0.0153   0.0361   0.0037  -0.2157
   0.7014  -0.0566  -0.5293   1.0000   0.0592   0.0009   0.0227   0.0080  -0.0055  -0.0479
   0.0513   0.0000  -0.0398   0.0592   1.0000  -0.0000  -0.0081  -0.0000   0.0040   0.0000
   0.0000  -0.0153   0.0041   0.0009  -0.0000   1.0000   0.0000   0.2656  -0.0000  -0.0439
   0.0197  -0.0000  -0.0153   0.0227  -0.0081   0.0000   1.0000   0.0000  -0.0002  -0.0000
   0.0000  -0.1337   0.0361   0.0080  -0.0000   0.2656   0.0000   1.0000  -0.0000  -0.1141
  -0.0048   0.0000   0.0037  -0.0055   0.0040  -0.0000  -0.0002  -0.0000   1.0000   0.0000
  -0.0001   0.7987  -0.2157  -0.0479   0.0000  -0.0439  -0.0000  -0.1141   0.0000   1.0000
