
  RooFitResult: minimized FCN value: -204427, estimated distance to minimum: 7.24405e-06
                covariance matrix quality: Full, accurate covariance matrix

    Floating Parameter  InitialValue    FinalValue (+HiError,-LoError)    GblCorr.
  --------------------  ------------  ----------------------------------  --------
              NbkgFail    1.2106e+03    9.3804e+03         +/-  1.52e+02  <none>
              NbkgPass    5.0000e+01    2.8174e+02         +/-  4.78e+01  <none>
                  Nsig    3.2586e+04    3.1071e+04         +/-  2.16e+02  <none>
                   eff    8.0000e-01    9.1228e-01 (+3.79e-03,-3.78e-03)  <none>
              meanFail    0.0000e+00    3.3810e+00         +/-  4.00e-01  <none>
              meanPass    0.0000e+00   -9.4437e-02         +/-  1.58e-02  <none>
             sigmaFail    2.0000e+00    5.0000e+00         +/-  3.48e-02  <none>
             sigmaPass    2.0000e+00    2.0099e-02         +/-  3.19e+00  <none>
                 tFail   -1.0000e-01   -8.8818e-16         +/-  2.40e-05  <none>
                 tPass   -1.0000e-01   -2.9575e-09         +/-  2.73e-03  <none>


  Correlation Matrix
 --------------------
   1.0000  -0.0000  -0.4155   0.6964   0.0350  -0.0000   0.0042   0.0003  -0.0011   0.0000
  -0.0000   1.0000  -0.1939  -0.0313   0.0000   0.0684  -0.0000  -0.0006  -0.0000  -0.0234
  -0.4155  -0.1939   1.0000  -0.4818  -0.0245  -0.0151  -0.0029  -0.0000   0.0008   0.0052
   0.6964  -0.0313  -0.4818   1.0000   0.0411  -0.0024   0.0049   0.0003  -0.0013   0.0008
   0.0350   0.0000  -0.0245   0.0411   1.0000   0.0000  -0.0028   0.0000   0.0008   0.0000
  -0.0000   0.0684  -0.0151  -0.0024   0.0000   1.0000   0.0000  -0.0090  -0.0000  -0.0004
   0.0042  -0.0000  -0.0029   0.0049  -0.0028   0.0000   1.0000  -0.0000  -0.0000   0.0000
   0.0003  -0.0006  -0.0000   0.0003   0.0000  -0.0090  -0.0000   1.0000  -0.0000   0.0000
  -0.0011  -0.0000   0.0008  -0.0013   0.0008  -0.0000  -0.0000  -0.0000   1.0000  -0.0000
   0.0000  -0.0234   0.0052   0.0008   0.0000  -0.0004   0.0000   0.0000  -0.0000   1.0000
