
  RooFitResult: minimized FCN value: -1.00237e+06, estimated distance to minimum: 1.40782e-05
                covariance matrix quality: Full, accurate covariance matrix

    Floating Parameter  InitialValue    FinalValue +/-  Error     GblCorr.
  --------------------  ------------  --------------------------  --------
              NbkgFail    2.3503e+03    1.9441e+04 +/-  1.93e+02  <none>
              NbkgPass    5.0000e+01    2.4807e+02 +/-  9.89e+01  <none>
                  Nsig    1.1898e+05    1.2903e+05 +/-  3.96e+02  <none>
                   eff    8.0000e-01    9.6852e-01 +/-  1.12e-03  <none>
              meanFail    0.0000e+00   -5.6063e-01 +/-  1.30e-01  <none>
              meanPass    0.0000e+00   -1.4436e-01 +/-  1.08e-02  <none>
             sigmaFail    2.0000e+00    1.5565e+00 +/-  3.36e-01  <none>
             sigmaPass    2.0000e+00    3.5903e-03 +/-  2.75e+00  <none>
                 tFail   -1.0000e-01   -8.8630e-03 +/-  4.29e-04  <none>
                 tPass   -1.0000e-01   -3.8362e-08 +/-  2.14e-02  <none>


  Correlation Matrix
 --------------------
   1.0000  -0.0002  -0.2338   0.6229   0.1577  -0.0000  -0.4624  -0.0000   0.0370   0.0000
  -0.0002   1.0000  -0.2442  -0.0214  -0.0001   0.1207   0.0002   0.1371  -0.0000  -0.0087
  -0.2338  -0.2442   1.0000  -0.2987  -0.0770  -0.0302   0.2257  -0.0343  -0.0181   0.0022
   0.6229  -0.0214  -0.2987   1.0000   0.2050  -0.0026  -0.6012  -0.0030   0.0481   0.0002
   0.1577  -0.0001  -0.0770   0.2050   1.0000  -0.0000  -0.2986  -0.0000  -0.1423  -0.0000
  -0.0000   0.1207  -0.0302  -0.0026  -0.0000   1.0000   0.0001   0.6163  -0.0000   0.0498
  -0.4624   0.0002   0.2257  -0.6012  -0.2986   0.0001   1.0000   0.0001  -0.0181   0.0000
  -0.0000   0.1371  -0.0343  -0.0030  -0.0000   0.6163   0.0001   1.0000  -0.0000   0.0566
   0.0370  -0.0000  -0.0181   0.0481  -0.1423  -0.0000  -0.0181  -0.0000   1.0000   0.0000
   0.0000  -0.0087   0.0022   0.0002  -0.0000   0.0498   0.0000   0.0566   0.0000   1.0000
