
  RooFitResult: minimized FCN value: -4.25216e+06, estimated distance to minimum: 1.96802e-05
                covariance matrix quality: Full, accurate covariance matrix

    Floating Parameter  InitialValue    FinalValue +/-  Error     GblCorr.
  --------------------  ------------  --------------------------  --------
              NbkgFail    7.5136e+04    7.5136e+04 +/-  3.87e+02  <none>
              NbkgPass    1.7269e+03    1.7265e+03 +/-  4.62e+02  <none>
                  Nsig    4.5591e+05    4.5591e+05 +/-  8.67e+02  <none>
                   eff    9.6886e-01    9.6886e-01 +/-  6.38e-04  <none>
              meanFail   -3.4812e-01   -3.4815e-01 +/-  7.77e-02  <none>
              meanPass   -1.2614e-01   -1.2615e-01 +/-  4.38e-03  <none>
             sigmaFail    1.9852e+00    1.9855e+00 +/-  1.67e-01  <none>
             sigmaPass    1.0217e-02    1.0219e-02 +/-  6.26e-03  <none>
                 tFail   -2.0294e-03   -2.0295e-03 +/-  2.17e-04  <none>
                 tPass   -3.6939e-06   -3.4546e-06 +/-  4.70e-03  <none>


  Correlation Matrix
 --------------------
   1.0000  -0.0002  -0.2223   0.6438   0.1018   0.0000  -0.4627   0.0000   0.0256   0.0002
  -0.0002   1.0000  -0.5403  -0.0503   0.0000  -0.0261  -0.0002  -0.2935  -0.0000  -0.8932
  -0.2223  -0.5403   1.0000  -0.2610  -0.0456   0.0141   0.2075   0.1598  -0.0115   0.4860
   0.6438  -0.0503  -0.2610   1.0000   0.1318   0.0013  -0.5995   0.0149   0.0333   0.0453
   0.1018   0.0000  -0.0456   0.1318   1.0000  -0.0000  -0.1855  -0.0000  -0.1588  -0.0000
   0.0000  -0.0261   0.0141   0.0013  -0.0000   1.0000   0.0000   0.0739   0.0000   0.0557
  -0.4627  -0.0002   0.2075  -0.5995  -0.1855   0.0000   1.0000   0.0000  -0.0041   0.0001
   0.0000  -0.2935   0.1598   0.0149  -0.0000   0.0739   0.0000   1.0000   0.0000   0.2642
   0.0256  -0.0000  -0.0115   0.0333  -0.1588   0.0000  -0.0041   0.0000   1.0000   0.0000
   0.0002  -0.8932   0.4860   0.0453  -0.0000   0.0557   0.0001   0.2642   0.0000   1.0000
