
  RooFitResult: minimized FCN value: -80619, estimated distance to minimum: 3.94609e+11
                covariance matrix quality: Full, accurate covariance matrix

    Floating Parameter  InitialValue    FinalValue (+HiError,-LoError)    GblCorr.
  --------------------  ------------  ----------------------------------  --------
              NbkgFail    5.8060e+02    4.4821e+03         +/-  1.09e+02  <none>
              NbkgPass    5.0000e+01    4.8550e+01         +/-  2.87e+01  <none>
                  Nsig    1.5254e+04    1.4537e+04         +/-  1.51e+02  <none>
                   eff    8.0000e-01    9.0888e-01 (+5.86e-03,-5.90e-03)  <none>
              meanFail    0.0000e+00    1.6027e+00         +/-  5.62e-01  <none>
              meanPass    0.0000e+00   -8.2984e-02         +/-  3.00e-02  <none>
             sigmaFail    2.0000e+00    5.0000e+00         +/-  2.41e-01  <none>
             sigmaPass    2.0000e+00    2.3806e-03         +/-  1.15e-01  <none>
                 tFail   -1.0000e-01   -1.9848e-08         +/-  5.85e-05  <none>
                 tPass   -1.0000e-01   -5.7714e-06         +/-  1.29e-02  <none>


  Correlation Matrix
 --------------------
   1.0000   0.0000  -0.4491   0.7199   0.0297  -0.0000   0.0023  -0.0000   0.0008  -0.0000
   0.0000   1.0000  -0.1796  -0.0289   0.0000   0.0005   0.0000  -0.0961  -0.0000   0.0252
  -0.4491  -0.1796   1.0000  -0.5148  -0.0215  -0.0001  -0.0017   0.0183  -0.0006  -0.0048
   0.7199  -0.0289  -0.5148   1.0000   0.0344  -0.0000   0.0027   0.0029   0.0010  -0.0008
   0.0297   0.0000  -0.0215   0.0344   1.0000   0.0000  -0.0020  -0.0000  -0.0007  -0.0000
  -0.0000   0.0005  -0.0001  -0.0000   0.0000   1.0000  -0.0000   0.4357  -0.0000  -0.0009
   0.0023   0.0000  -0.0017   0.0027  -0.0020  -0.0000   1.0000  -0.0000   0.0000  -0.0000
  -0.0000  -0.0961   0.0183   0.0029  -0.0000   0.4357  -0.0000   1.0000   0.0000  -0.0026
   0.0008  -0.0000  -0.0006   0.0010  -0.0007  -0.0000   0.0000   0.0000   1.0000  -0.0000
  -0.0000   0.0252  -0.0048  -0.0008  -0.0000  -0.0009  -0.0000  -0.0026  -0.0000   1.0000
