
  RooFitResult: minimized FCN value: -65882.9, estimated distance to minimum: 7.72938e-05
                covariance matrix quality: Full matrix, but forced positive-definite

    Constant Parameter    Value     
  --------------------  ------------
              peakFail    9.1188e+01
              peakPass    9.1188e+01

    Floating Parameter  InitialValue    FinalValue +/-  Error     GblCorr.
  --------------------  ------------  --------------------------  --------
              NbkgFail    5.8766e+03    5.8766e+03 +/-  1.47e+02  <none>
              NbkgPass    4.0759e+01    4.0756e+01 +/-  1.14e+01  <none>
                  Nsig    1.0817e+04    1.0817e+04 +/-  1.63e+02  <none>
              alfaFail    1.5165e+02    1.5165e+02 +/-  1.27e+01  <none>
              alfaPass    1.0899e+02    1.0899e+02 +/-  3.78e+01  <none>
              betaFail    2.0935e-02    2.0935e-02 +/-  1.42e-03  <none>
              betaPass    9.3631e-02    9.3631e-02 +/-  3.70e-02  <none>
                   eff    9.4736e-01    9.4736e-01 +/-  1.12e-02  <none>
             gammaFail    5.5748e-02    5.5748e-02 +/-  9.01e-03  <none>
             gammaPass    7.7677e-01    7.7678e-01 +/-  7.87e-01  <none>
              meanFail    1.1727e+00    1.1727e+00 +/-  7.68e-01  <none>
              meanPass   -1.2175e-01   -1.2175e-01 +/-  3.61e-02  <none>
             sigmaFail    2.4065e+00    2.4066e+00 +/-  1.26e+00  <none>
             sigmaPass    2.9692e-01    2.9686e-01 +/-  1.06e-01  <none>


  Correlation Matrix
 --------------------
   1.0000  -0.0002  -0.6576  -0.1270  -0.0001   0.4710   0.0001   0.8385   0.2308   0.0001   0.1132  -0.0000  -0.5698   0.0000
  -0.0002   1.0000  -0.0472   0.0000   0.2770  -0.0001  -0.4137  -0.0036  -0.0001  -0.1659  -0.0000   0.0604   0.0002  -0.0296
  -0.6576  -0.0472   1.0000   0.1144  -0.0191  -0.4245   0.0286  -0.7555  -0.2080   0.0115  -0.1020  -0.0042   0.5135   0.0020
  -0.1270   0.0000   0.1144   1.0000  -0.0001  -0.4719   0.0000  -0.1459   0.6866  -0.0001  -0.0658   0.0000   0.0920   0.0000
  -0.0001   0.2770  -0.0191  -0.0001   1.0000  -0.0000  -0.6719  -0.0015  -0.0001   0.5180  -0.0000   0.0323   0.0001  -0.0192
   0.4710  -0.0001  -0.4245  -0.4719  -0.0000   1.0000   0.0001   0.5413   0.3115   0.0001   0.1725  -0.0000  -0.3310   0.0000
   0.0001  -0.4137   0.0286   0.0000  -0.6719   0.0001   1.0000   0.0022   0.0001   0.2806   0.0000  -0.0478  -0.0001   0.0287
   0.8385  -0.0036  -0.7555  -0.1459  -0.0015   0.5413   0.0022   1.0000   0.2653   0.0009   0.1301  -0.0003  -0.6548   0.0002
   0.2308  -0.0001  -0.2080   0.6866  -0.0001   0.3115   0.0001   0.2653   1.0000  -0.0000   0.0893  -0.0000  -0.1631   0.0000
   0.0001  -0.1659   0.0115  -0.0001   0.5180   0.0001   0.2806   0.0009  -0.0000   1.0000   0.0000  -0.0183  -0.0000   0.0106
   0.1132  -0.0000  -0.1020  -0.0658  -0.0000   0.1725   0.0000   0.1301   0.0893   0.0000   1.0000  -0.0000  -0.1664   0.0000
  -0.0000   0.0604  -0.0042   0.0000   0.0323  -0.0000  -0.0478  -0.0003  -0.0000  -0.0183  -0.0000   1.0000   0.0000   0.2819
  -0.5698   0.0002   0.5135   0.0920   0.0001  -0.3310  -0.0001  -0.6548  -0.1631  -0.0000  -0.1664   0.0000   1.0000  -0.0000
   0.0000  -0.0296   0.0020   0.0000  -0.0192   0.0000   0.0287   0.0002   0.0000   0.0106   0.0000   0.2819  -0.0000   1.0000
