
  RooFitResult: minimized FCN value: -32690.4, estimated distance to minimum: 0.000111683
                covariance matrix quality: Full matrix, but forced positive-definite

    Constant Parameter    Value     
  --------------------  ------------
              peakFail    9.1188e+01
              peakPass    9.1188e+01

    Floating Parameter  InitialValue    FinalValue +/-  Error     GblCorr.
  --------------------  ------------  --------------------------  --------
              NbkgFail    2.7710e+02    2.4421e+03 +/-  3.16e+02  <none>
              NbkgPass    5.0000e+01    1.6329e+02 +/-  7.32e+01  <none>
                  Nsig    7.4184e+03    6.6676e+03 +/-  3.20e+02  <none>
              alfaFail    5.0000e+01    5.2805e+01 +/-  2.01e+01  <none>
              alfaPass    5.0000e+01    1.3594e+02 +/-  8.17e+00  <none>
              betaFail    3.0000e-02    2.3853e-02 +/-  2.22e-02  <none>
              betaPass    3.0000e-02    7.8118e-02 +/-  7.75e-03  <none>
                   eff    8.0000e-01    9.5067e-01 +/-  4.80e-02  <none>
             gammaFail    1.0000e-01    7.8930e-09 +/-  5.41e-03  <none>
             gammaPass    1.0000e-01    4.7010e-01 +/-  9.34e-02  <none>
              meanFail    0.0000e+00    1.9894e-01 +/-  8.77e-01  <none>
              meanPass    0.0000e+00   -3.7557e-02 +/-  4.30e-02  <none>
             sigmaFail    2.0000e+00    2.4759e+00 +/-  3.12e+00  <none>
             sigmaPass    2.0000e+00    1.3709e-01 +/-  1.28e-01  <none>


  Correlation Matrix
 --------------------
   1.0000  -0.2072  -0.9379  -0.9132   0.0195   0.9221   0.0178   0.9876  -0.9694   0.0189   0.0992   0.0341  -0.9677  -0.0914
  -0.2072   1.0000   0.0031   0.1934  -0.0917  -0.1953  -0.0834  -0.2194   0.2053  -0.0880  -0.0210  -0.1596   0.2050   0.4277
  -0.9379   0.0031   1.0000   0.8754  -0.0002  -0.8839  -0.0003  -0.9446   0.9293  -0.0003  -0.0951  -0.0005   0.9277   0.0014
  -0.9132   0.1934   0.8754   1.0000  -0.0182  -0.8164  -0.0166  -0.9219   0.9687  -0.0176  -0.0264  -0.0319   0.9071   0.0853
   0.0195  -0.0917  -0.0002  -0.0182   1.0000   0.0184  -0.4517   0.0207  -0.0194  -0.5021   0.0020   0.0348  -0.0193  -0.0607
   0.9221  -0.1953  -0.8839  -0.8164   0.0184   1.0000   0.0168   0.9308  -0.9140   0.0178   0.1860   0.0322  -0.9132  -0.0862
   0.0178  -0.0834  -0.0003  -0.0166  -0.4517   0.0168   1.0000   0.0189  -0.0177  -0.4349   0.0018  -0.1084  -0.0176  -0.0184
   0.9876  -0.2194  -0.9446  -0.9219   0.0207   0.9308   0.0189   1.0000  -0.9786   0.0200   0.1002   0.0361  -0.9769  -0.0968
  -0.9694   0.2053   0.9293   0.9687  -0.0194  -0.9140  -0.0177  -0.9786   1.0000  -0.0187  -0.0594  -0.0338   0.9589   0.0906
   0.0189  -0.0880  -0.0003  -0.0176  -0.5021   0.0178  -0.4349   0.0200  -0.0187   1.0000   0.0019   0.0445  -0.0187  -0.0624
   0.0992  -0.0210  -0.0951  -0.0264   0.0020   0.1860   0.0018   0.1002  -0.0594   0.0019   1.0000   0.0035  -0.1246  -0.0093
   0.0341  -0.1596  -0.0005  -0.0319   0.0348   0.0322  -0.1084   0.0361  -0.0338   0.0445   0.0035   1.0000  -0.0338  -0.3447
  -0.9677   0.2050   0.9277   0.9071  -0.0193  -0.9132  -0.0176  -0.9769   0.9589  -0.0187  -0.1246  -0.0338   1.0000   0.0904
  -0.0914   0.4277   0.0014   0.0853  -0.0607  -0.0862  -0.0184  -0.0968   0.0906  -0.0624  -0.0093  -0.3447   0.0904   1.0000
