
  RooFitResult: minimized FCN value: -83270.3, estimated distance to minimum: 0.000805956
                covariance matrix quality: Full matrix, but forced positive-definite

    Constant Parameter    Value     
  --------------------  ------------
              peakFail    9.1188e+01
              peakPass    9.1188e+01

    Floating Parameter  InitialValue    FinalValue +/-  Error     GblCorr.
  --------------------  ------------  --------------------------  --------
              NbkgFail    5.5710e+02    5.0446e+03 +/-  1.17e+02  <none>
              NbkgPass    5.0000e+01    2.8763e+02 +/-  8.26e+01  <none>
                  Nsig    1.5486e+04    1.4025e+04 +/-  1.70e+02  <none>
              alfaFail    5.0000e+01    1.5731e+02 +/-  1.29e+01  <none>
              alfaPass    5.0000e+01    1.1367e+02 +/-  5.94e+01  <none>
              betaFail    3.0000e-02    1.5722e-02 +/-  1.22e-03  <none>
              betaPass    3.0000e-02    3.6642e-02 +/-  1.70e-02  <none>
                   eff    8.0000e-01    9.6249e-01 +/-  6.77e-03  <none>
             gammaFail    1.0000e-01    3.3236e-02 +/-  4.14e-03  <none>
             gammaPass    1.0000e-01    5.3716e-02 +/-  7.82e-02  <none>
              meanFail    0.0000e+00    1.0205e+00 +/-  8.38e-01  <none>
              meanPass    0.0000e+00   -8.7522e-02 +/-  2.30e-02  <none>
             sigmaFail    2.0000e+00    3.1367e+00 +/-  1.10e+00  <none>
             sigmaPass    2.0000e+00    6.3013e-03 +/-  4.09e-02  <none>


  Correlation Matrix
 --------------------
   1.0000  -0.0061  -0.4404  -0.1589   0.0038   0.2897   0.0030   0.7762  -0.1236   0.0039  -0.2047   0.0000   0.5126   0.0012
  -0.0061   1.0000  -0.4545   0.0016  -0.5862  -0.0028  -0.4631  -0.0387   0.0012  -0.6141   0.0019  -0.0018  -0.0046  -0.1900
  -0.4404  -0.4545   1.0000   0.1095   0.2780  -0.1997   0.2197  -0.5201   0.0852   0.2912   0.1412   0.0008  -0.3536   0.0901
  -0.1589   0.0016   0.1095   1.0000  -0.0010  -0.7065  -0.0008  -0.1931  -0.3742  -0.0010  -0.0155  -0.0000  -0.0972  -0.0003
   0.0038  -0.5862   0.2780  -0.0010   1.0000   0.0017   0.9468   0.0237  -0.0007   0.9666  -0.0011   0.0277   0.0028   0.0868
   0.2897  -0.0028  -0.1997  -0.7065   0.0017   1.0000   0.0014   0.3521  -0.3737   0.0018  -0.0139   0.0000   0.1845   0.0006
   0.0030  -0.4631   0.2197  -0.0008   0.9468   0.0014   1.0000   0.0187  -0.0006   0.8425  -0.0009   0.0269   0.0022   0.0544
   0.7762  -0.0387  -0.5201  -0.1931   0.0237   0.3521   0.0187   1.0000  -0.1502   0.0248  -0.2486   0.0001   0.6224   0.0077
  -0.1236   0.0012   0.0852  -0.3742  -0.0007  -0.3737  -0.0006  -0.1502   1.0000  -0.0008  -0.0218  -0.0000  -0.0744  -0.0002
   0.0039  -0.6141   0.2912  -0.0010   0.9666   0.0018   0.8425   0.0248  -0.0008   1.0000  -0.0012   0.0149   0.0030   0.1037
  -0.2047   0.0019   0.1412  -0.0155  -0.0011  -0.0139  -0.0009  -0.2486  -0.0218  -0.0012   1.0000  -0.0000  -0.3762  -0.0004
   0.0000  -0.0018   0.0008  -0.0000   0.0277   0.0000   0.0269   0.0001  -0.0000   0.0149  -0.0000   1.0000   0.0000   0.1921
   0.5126  -0.0046  -0.3536  -0.0972   0.0028   0.1845   0.0022   0.6224  -0.0744   0.0030  -0.3762   0.0000   1.0000   0.0009
   0.0012  -0.1900   0.0901  -0.0003   0.0868   0.0006   0.0544   0.0077  -0.0002   0.1037  -0.0004   0.1921   0.0009   1.0000
