
  RooFitResult: minimized FCN value: -224187, estimated distance to minimum: 72329.2
                covariance matrix quality: Full matrix, but forced positive-definite

    Constant Parameter    Value     
  --------------------  ------------
              peakFail    9.1188e+01
              peakPass    9.1188e+01

    Floating Parameter  InitialValue    FinalValue +/-  Error     GblCorr.
  --------------------  ------------  --------------------------  --------
              NbkgFail    3.3540e+02    2.7955e+03 +/-  5.78e+01  <none>
              NbkgPass    5.0000e+01    1.9897e+03 +/-  1.73e+03  <none>
                  Nsig    3.1473e+04    3.4558e+04 +/-  1.53e+03  <none>
              alfaFail    5.0000e+01    6.1309e+01 +/-  1.08e+00  <none>
              alfaPass    5.0000e+01    1.0046e+02 +/-  9.48e-01  <none>
              betaFail    3.0000e-02    7.0000e-02 +/-  6.14e-03  <none>
              betaPass    3.0000e-02    2.0000e-01 +/-  3.80e-02  <none>
                   eff    8.0000e-01    9.8384e-01 +/-  1.44e-03  <none>
             gammaFail    1.0000e-01    2.7059e-02 +/-  1.58e-03  <none>
             gammaPass    1.0000e-01    9.9860e-01 +/-  6.31e-02  <none>
              meanFail    0.0000e+00   -2.0412e-01 +/-  2.54e-01  <none>
              meanPass    0.0000e+00    9.5850e-03 +/-  2.47e-07  <none>
             sigmaFail    2.0000e+00    1.7333e-02 +/-  4.38e+00  <none>
             sigmaPass    2.0000e+00    1.6278e-05 +/-  6.08e-01  <none>


  Correlation Matrix
 --------------------
   1.0000  -0.0658   0.0553   0.1725   0.0597   0.0485   0.0653   0.3729   0.0752   0.0615   0.1376   0.0042  -0.0668   0.0004
  -0.0658   1.0000  -0.9931  -0.0414  -0.9065  -0.0117  -0.9915  -0.6183  -0.0181  -0.9342  -0.0330  -0.0630   0.0160   0.0016
   0.0553  -0.9931   1.0000   0.0348   0.9008   0.0098   0.9853   0.6019   0.0152   0.9284   0.0277   0.0626  -0.0134  -0.0016
   0.1725  -0.0414   0.0348   1.0000   0.0376   0.0190   0.0411   0.2347   0.6691   0.0387   0.1323   0.0026  -0.0629   0.0000
   0.0597  -0.9065   0.9008   0.0376   1.0000   0.0106   0.9355   0.5608   0.0164   0.8125   0.0299   0.0592  -0.0145  -0.0014
   0.0485  -0.0117   0.0098   0.0190   0.0106   1.0000   0.0116   0.0661   0.2055   0.0109   0.0057   0.0014  -0.0031   0.0000
   0.0653  -0.9915   0.9853   0.0411   0.9355   0.0116   1.0000   0.6134   0.0179   0.9386   0.0327   0.0635  -0.0159  -0.0016
   0.3729  -0.6183   0.6019   0.2347   0.5608   0.0661   0.6134   1.0000   0.1023   0.5780   0.1873   0.0390  -0.0909  -0.0008
   0.0752  -0.0181   0.0152   0.6691   0.0164   0.2055   0.0179   0.1023   1.0000   0.0169   0.1375   0.0013  -0.0640   0.0000
   0.0615  -0.9342   0.9284   0.0387   0.8125   0.0109   0.9386   0.5780   0.0169   1.0000   0.0308   0.0600  -0.0150  -0.0015
   0.1376  -0.0330   0.0277   0.1323   0.0299   0.0057   0.0327   0.1873   0.1375   0.0308   1.0000   0.0020  -0.4625   0.0000
   0.0042  -0.0630   0.0626   0.0026   0.0592   0.0014   0.0635   0.0390   0.0013   0.0600   0.0020   1.0000  -0.0009  -0.0001
  -0.0668   0.0160  -0.0134  -0.0629  -0.0145  -0.0031  -0.0159  -0.0909  -0.0640  -0.0150  -0.4625  -0.0009   1.0000   0.0000
   0.0004   0.0016  -0.0016   0.0000  -0.0014   0.0000  -0.0016  -0.0008   0.0000  -0.0015   0.0000  -0.0001   0.0000   1.0000
