
  RooFitResult: minimized FCN value: -410061, estimated distance to minimum: 0.00736433
                covariance matrix quality: Full, accurate covariance matrix

    Constant Parameter    Value     
  --------------------  ------------
              peakFail    9.1188e+01
              peakPass    9.1188e+01

    Floating Parameter  InitialValue    FinalValue (+HiError,-LoError)    GblCorr.
  --------------------  ------------  ----------------------------------  --------
              NbkgFail    7.7080e+02    6.3168e+03         +/-  1.20e+02  <none>
              NbkgPass    5.0000e+01    2.2255e+02         +/-  2.17e+02  <none>
                  Nsig    5.3818e+04    6.0733e+04         +/-  3.40e+02  <none>
              alfaFail    5.0000e+01    6.1936e+01         +/-  1.83e+00  <none>
              alfaPass    5.0000e+01    9.4001e+01         +/-  1.13e+01  <none>
              betaFail    3.0000e-02    6.1044e-02         +/-  1.10e-02  <none>
              betaPass    3.0000e-02    2.0000e-01         +/-  1.68e-01  <none>
                   eff    8.0000e-01    9.7709e-01 (+1.37e-03,-4.73e-03)  <none>
             gammaFail    1.0000e-01    2.2312e-02         +/-  2.74e-03  <none>
             gammaPass    1.0000e-01    7.2867e-02         +/-  5.68e-02  <none>
              meanFail    0.0000e+00   -3.1774e-01         +/-  3.71e-01  <none>
              meanPass    0.0000e+00   -1.5409e-01         +/-  1.41e-02  <none>
             sigmaFail    2.0000e+00    1.2856e-03         +/-  4.72e+00  <none>
             sigmaPass    2.0000e+00    8.0911e-03         +/-  2.39e-02  <none>


  Correlation Matrix
 --------------------
   1.0000   0.0001  -0.1969   0.5590  -0.0001  -0.4096  -0.0000   0.6883   0.5258   0.0000   0.4014  -0.0000   0.2748  -0.0000
   0.0001   1.0000  -0.6360   0.0001  -0.8572  -0.0000  -0.3467  -0.0520   0.0000   0.1769   0.0001  -0.4560   0.0000  -0.5803
  -0.1969  -0.6360   1.0000  -0.1967   0.5477   0.1441   0.2215  -0.2090  -0.1850  -0.1131  -0.1413   0.2914  -0.0967   0.3708
   0.5590   0.0001  -0.1967   1.0000  -0.0000  -0.6409  -0.0000   0.6878   0.9272   0.0000   0.4921  -0.0000   0.3626  -0.0000
  -0.0001  -0.8572   0.5477  -0.0000   1.0000  -0.0000   0.4515   0.0448  -0.0000   0.2624  -0.0000   0.3688  -0.0000   0.4482
  -0.4096  -0.0000   0.1441  -0.6409  -0.0000   1.0000  -0.0000  -0.5040  -0.7699  -0.0000  -0.2661   0.0000  -0.1797   0.0000
  -0.0000  -0.3467   0.2215  -0.0000   0.4515  -0.0000   1.0000   0.0181  -0.0000   0.1084  -0.0000   0.2219  -0.0000   0.2569
   0.6883  -0.0520  -0.2090   0.6878   0.0448  -0.5040   0.0181   1.0000   0.6469  -0.0092   0.4940   0.0238   0.3382   0.0303
   0.5258   0.0000  -0.1850   0.9272  -0.0000  -0.7699  -0.0000   0.6469   1.0000   0.0000   0.4916  -0.0000   0.3686  -0.0000
   0.0000   0.1769  -0.1131   0.0000   0.2624  -0.0000   0.1084  -0.0092   0.0000   1.0000   0.0000  -0.1409   0.0000  -0.2191
   0.4014   0.0001  -0.1413   0.4921  -0.0000  -0.2661  -0.0000   0.4940   0.4916   0.0000   1.0000  -0.0000   0.8583  -0.0000
  -0.0000  -0.4560   0.2914  -0.0000   0.3688   0.0000   0.2219   0.0238  -0.0000  -0.1409  -0.0000   1.0000  -0.0000   0.3318
   0.2748   0.0000  -0.0967   0.3626  -0.0000  -0.1797  -0.0000   0.3382   0.3686   0.0000   0.8583  -0.0000   1.0000  -0.0000
  -0.0000  -0.5803   0.3708  -0.0000   0.4482   0.0000   0.2569   0.0303  -0.0000  -0.2191  -0.0000   0.3318  -0.0000   1.0000
