
  RooFitResult: minimized FCN value: -59671.5, estimated distance to minimum: 0.011706
                covariance matrix quality: Full matrix, but forced positive-definite

    Constant Parameter    Value     
  --------------------  ------------
              peakFail    9.1188e+01
              peakPass    9.1188e+01

    Floating Parameter  InitialValue    FinalValue (+HiError,-LoError)    GblCorr.
  --------------------  ------------  ----------------------------------  --------
              NbkgFail    5.2030e+02    4.8796e+03         +/-  9.67e+01  <none>
              NbkgPass    5.0000e+01    1.4414e+02         +/-  6.93e+01  <none>
                  Nsig    1.2185e+04    1.0207e+04         +/-  1.39e+02  <none>
              alfaFail    5.0000e+01    1.1197e+02         +/-  1.35e+01  <none>
              alfaPass    5.0000e+01    1.9983e+02         +/-  1.35e+02  <none>
              betaFail    3.0000e-02    2.4371e-02         +/-  1.92e-03  <none>
              betaPass    3.0000e-02    4.5520e-02         +/-  2.22e-03  <none>
                   eff    8.0000e-01    9.6832e-01 (+6.88e-03,-7.23e-03)  <none>
             gammaFail    1.0000e-01    3.5981e-02         +/-  1.03e-02  <none>
             gammaPass    1.0000e-01    4.4456e-01         +/-  4.46e-02  <none>
              meanFail    0.0000e+00   -1.0985e-02         +/-  3.73e-01  <none>
              meanPass    0.0000e+00   -1.4307e-01         +/-  3.71e-02  <none>
             sigmaFail    2.0000e+00    4.5609e-03         +/-  3.72e-05  <none>
             sigmaPass    2.0000e+00    3.4067e-01         +/-  1.11e-01  <none>


  Correlation Matrix
 --------------------
   1.0000  -0.0032  -0.3355  -0.0112  -0.0003   0.2936  -0.0006  -0.6695   0.1483  -0.0003  -0.0405   0.0004  -0.0000  -0.0009
  -0.0032   1.0000  -0.4819   0.0001   0.1053  -0.0019   0.1853   0.0361  -0.0010   0.0847   0.0003  -0.1122   0.0000   0.2666
  -0.3355  -0.4819   1.0000   0.0078  -0.0523  -0.2047  -0.0919   0.4511  -0.1034  -0.0420   0.0282   0.0556   0.0000  -0.1324
  -0.0112   0.0001   0.0078   1.0000   0.0000   0.5345   0.0000   0.0156  -0.9078   0.0000   0.0160  -0.0000   0.0000   0.0000
  -0.0003   0.1053  -0.0523   0.0000   1.0000  -0.0002  -0.2702   0.0039  -0.0001  -0.2762   0.0000  -0.0162   0.0000   0.0272
   0.2936  -0.0019  -0.2047   0.5345  -0.0002   1.0000  -0.0004  -0.4085  -0.1384  -0.0002   0.0067   0.0002  -0.0000  -0.0005
  -0.0006   0.1853  -0.0919   0.0000  -0.2702  -0.0004   1.0000   0.0069  -0.0002  -0.7237   0.0001  -0.0344   0.0000   0.0578
  -0.6695   0.0361   0.4511   0.0156   0.0039  -0.4085   0.0069   1.0000  -0.2064   0.0031   0.0564  -0.0042   0.0000   0.0099
   0.1483  -0.0010  -0.1034  -0.9078  -0.0001  -0.1384  -0.0002  -0.2064   1.0000  -0.0001  -0.0080   0.0001  -0.0000  -0.0003
  -0.0003   0.0847  -0.0420   0.0000  -0.2762  -0.0002  -0.7237   0.0031  -0.0001   1.0000   0.0000  -0.0456   0.0000   0.0140
  -0.0405   0.0003   0.0282   0.0160   0.0000   0.0067   0.0001   0.0564  -0.0080   0.0000   1.0000  -0.0000   0.0001   0.0001
   0.0004  -0.1122   0.0556  -0.0000  -0.0162   0.0002  -0.0344  -0.0042   0.0001  -0.0456  -0.0000   1.0000  -0.0000  -0.2930
  -0.0000   0.0000   0.0000   0.0000   0.0000  -0.0000   0.0000   0.0000  -0.0000   0.0000   0.0001  -0.0000   1.0000   0.0000
  -0.0009   0.2666  -0.1324   0.0000   0.0272  -0.0005   0.0578   0.0099  -0.0003   0.0140   0.0001  -0.2930   0.0000   1.0000
