
  RooFitResult: minimized FCN value: -80912.1, estimated distance to minimum: 12535.1
                covariance matrix quality: Full matrix, but forced positive-definite

    Constant Parameter    Value     
  --------------------  ------------
              peakFail    9.1188e+01
              peakPass    9.1188e+01

    Floating Parameter  InitialValue    FinalValue (+HiError,-LoError)    GblCorr.
  --------------------  ------------  ----------------------------------  --------
              NbkgFail    4.5880e+02    3.9346e+03         +/-  7.79e+01  <none>
              NbkgPass    5.0000e+01    3.6074e+01         +/-  1.24e+01  <none>
                  Nsig    1.4862e+04    1.4606e+04         +/-  1.22e+02  <none>
              alfaFail    5.0000e+01    1.5863e+02         +/-  6.60e+00  <none>
              alfaPass    5.0000e+01    1.2390e+02         +/-  4.16e+01  <none>
              betaFail    3.0000e-02    1.2883e-02         +/-  4.56e-04  <none>
              betaPass    3.0000e-02    9.5054e-02         +/-  3.22e-02  <none>
                   eff    8.0000e-01    9.5528e-01 (+2.08e-02,-6.77e-03)  <none>
             gammaFail    1.0000e-01    2.2288e-02         +/-  1.76e-03  <none>
             gammaPass    1.0000e-01    9.9020e-01         +/-  6.37e-01  <none>
              meanFail    0.0000e+00    8.6474e-01         +/-  5.68e-01  <none>
              meanPass    0.0000e+00   -9.6223e-02         +/-  2.05e-02  <none>
             sigmaFail    2.0000e+00    3.2741e+00         +/-  7.98e-01  <none>
             sigmaPass    2.0000e+00    7.9880e-03         +/-  5.55e-05  <none>


  Correlation Matrix
 --------------------
   1.0000  -0.0032  -0.2839   0.0045  -0.0016  -0.0786   0.0015   0.6158  -0.0079   0.0005  -0.0928  -0.0003   0.3574   0.0000
  -0.0032   1.0000  -0.0667  -0.0000   0.3969   0.0006  -0.3743  -0.0113   0.0001  -0.1230   0.0006   0.0727  -0.0025  -0.0000
  -0.2839  -0.0667   1.0000  -0.0028  -0.0337   0.0496   0.0318  -0.3876   0.0050   0.0104   0.0585  -0.0062  -0.2254   0.0000
   0.0045  -0.0000  -0.0028   1.0000  -0.0000   0.4668   0.0000   0.0062  -0.4589   0.0000  -0.0425  -0.0000   0.0020   0.0000
  -0.0016   0.3969  -0.0337  -0.0000   1.0000   0.0003  -0.9791  -0.0057   0.0000  -0.5715   0.0003   0.0549  -0.0013  -0.0000
  -0.0786   0.0006   0.0496   0.4668   0.0003   1.0000  -0.0003  -0.1076   0.4247  -0.0001   0.0224   0.0001  -0.0412  -0.0000
   0.0015  -0.3743   0.0318   0.0000  -0.9791  -0.0003   1.0000   0.0054  -0.0000   0.4109  -0.0003  -0.0520   0.0012   0.0000
   0.6158  -0.0113  -0.3876   0.0062  -0.0057  -0.1076   0.0054   1.0000  -0.0108   0.0018  -0.1268  -0.0011   0.4883   0.0000
  -0.0079   0.0001   0.0050  -0.4589   0.0000   0.4247  -0.0000  -0.0108   1.0000  -0.0000  -0.0479   0.0000  -0.0042  -0.0000
   0.0005  -0.1230   0.0104   0.0000  -0.5715  -0.0001   0.4109   0.0018  -0.0000   1.0000  -0.0001  -0.0179   0.0004   0.0000
  -0.0928   0.0006   0.0585  -0.0425   0.0003   0.0224  -0.0003  -0.1268  -0.0479  -0.0001   1.0000   0.0001  -0.2176  -0.0000
  -0.0003   0.0727  -0.0062  -0.0000   0.0549   0.0001  -0.0520  -0.0011   0.0000  -0.0179   0.0001   1.0000  -0.0002  -0.0000
   0.3574  -0.0025  -0.2254   0.0020  -0.0013  -0.0412   0.0012   0.4883  -0.0042   0.0004  -0.2176  -0.0002   1.0000   0.0000
   0.0000  -0.0000   0.0000   0.0000  -0.0000  -0.0000   0.0000   0.0000  -0.0000   0.0000  -0.0000  -0.0000   0.0000   1.0000
