
  RooFitResult: minimized FCN value: -3.61587e+06, estimated distance to minimum: 0.016229
                covariance matrix quality: Full, accurate covariance matrix

    Constant Parameter    Value     
  --------------------  ------------
              massFail    9.1188e+01
              massPass    9.1188e+01
             widthFail    2.4952e+00
             widthPass    2.4952e+00

    Floating Parameter  InitialValue    FinalValue +/-  Error     GblCorr.
  --------------------  ------------  --------------------------  --------
              NbkgFail    3.9733e+03    1.2323e+03 +/-  1.02e+02  <none>
              NbkgPass    5.0000e+01    2.2144e+03 +/-  2.43e+02  <none>
                  Nsig    3.5475e+05    4.4005e+05 +/-  7.17e+02  <none>
             alphaFail    5.0000e+00    7.0816e-01 +/-  2.41e-02  <none>
             alphaPass    5.0000e+00    1.6361e+00 +/-  1.84e-02  <none>
                   eff    8.0000e-01    9.1250e-01 +/-  4.73e-04  <none>
              meanFail    0.0000e+00    3.7404e-02 +/-  3.44e-02  <none>
              meanPass    0.0000e+00   -2.2864e-01 +/-  5.58e-03  <none>
                 nFail    1.0000e+00    3.8002e+00 +/-  1.85e-01  <none>
                 nPass    1.0000e+00    2.9228e+00 +/-  7.71e-02  <none>
             sigmaFail    1.0000e+00    1.4389e+00 +/-  3.82e-02  <none>
             sigmaPass    1.0000e+00    1.4169e+00 +/-  6.94e-03  <none>
                 tFail   -1.0000e-01   -2.9900e-10 +/-  2.07e-04  <none>
                 tPass   -1.0000e-01   -1.4080e-11 +/-  9.66e-05  <none>


  Correlation Matrix
 --------------------
   1.0000  -0.0065   0.1368  -0.0766  -0.0003   0.3968  -0.0295  -0.0006   0.2484   0.0020  -0.0750  -0.0001   0.0016  -0.0004
  -0.0065   1.0000  -0.3411   0.0006   0.0439   0.0928   0.0002   0.0895  -0.0018  -0.2992   0.0005   0.0187  -0.0000   0.0581
   0.1368  -0.3411   1.0000  -0.0119  -0.0156   0.0276  -0.0046  -0.0318   0.0386   0.1062  -0.0116  -0.0067   0.0002  -0.0206
  -0.0766   0.0006  -0.0119   1.0000   0.0000  -0.0345  -0.7892   0.0001  -0.6690  -0.0002   0.7006   0.0000  -0.0006   0.0000
  -0.0003   0.0439  -0.0156   0.0000   1.0000   0.0042   0.0000  -0.5100  -0.0001  -0.7417   0.0000   0.4553  -0.0000   0.0015
   0.3968   0.0928   0.0276  -0.0345   0.0042   1.0000  -0.0133   0.0087   0.1118  -0.0289  -0.0337   0.0018   0.0006   0.0056
  -0.0295   0.0002  -0.0046  -0.7892   0.0000  -0.0133   1.0000   0.0000   0.3035  -0.0001  -0.7164   0.0000  -0.0017   0.0000
  -0.0006   0.0895  -0.0318   0.0001  -0.5100   0.0087   0.0000   1.0000  -0.0002   0.1918   0.0001  -0.3474  -0.0000   0.0052
   0.2484  -0.0018   0.0386  -0.6690  -0.0001   0.1118   0.3035  -0.0002   1.0000   0.0006  -0.0737  -0.0000   0.0189  -0.0001
   0.0020  -0.2992   0.1062  -0.0002  -0.7417  -0.0289  -0.0001   0.1918   0.0006   1.0000  -0.0002  -0.1167   0.0000  -0.0106
  -0.0750   0.0005  -0.0116   0.7006   0.0000  -0.0337  -0.7164   0.0001  -0.0737  -0.0002   1.0000   0.0000   0.0062   0.0000
  -0.0001   0.0187  -0.0067   0.0000   0.4553   0.0018   0.0000  -0.3474  -0.0000  -0.1167   0.0000   1.0000  -0.0000   0.0028
   0.0016  -0.0000   0.0002  -0.0006  -0.0000   0.0006  -0.0017  -0.0000   0.0189   0.0000   0.0062  -0.0000   1.0000  -0.0000
  -0.0004   0.0581  -0.0206   0.0000   0.0015   0.0056   0.0000   0.0052  -0.0001  -0.0106   0.0000   0.0028  -0.0000   1.0000
