
  RooFitResult: minimized FCN value: -56438, estimated distance to minimum: 0.00011028
                covariance matrix quality: Full, accurate covariance matrix

    Constant Parameter    Value     
  --------------------  ------------
              massFail    9.1188e+01
              massPass    9.1188e+01
             widthFail    2.4952e+00
             widthPass    2.4952e+00

    Floating Parameter  InitialValue    FinalValue +/-  Error     GblCorr.
  --------------------  ------------  --------------------------  --------
              NbkgFail    7.9300e+01    1.6544e+02 +/-  1.94e+01  <none>
              NbkgPass    5.0000e+01    1.0576e+03 +/-  5.47e+01  <none>
                  Nsig    1.0033e+04    1.1318e+04 +/-  1.16e+02  <none>
             alphaFail    5.0000e+00    4.4569e+00 +/-  1.55e+01  <none>
             alphaPass    5.0000e+00    6.0946e+00 +/-  1.05e+01  <none>
                   eff    8.0000e-01    9.4455e-01 +/-  2.48e-03  <none>
              meanFail    0.0000e+00    2.7929e-01 +/-  1.45e-01  <none>
              meanPass    0.0000e+00    2.7185e-01 +/-  2.68e-02  <none>
                 nFail    1.0000e+00    5.5991e+00 +/-  7.67e+00  <none>
                 nPass    1.0000e+00    2.5918e+00 +/-  5.69e+00  <none>
             sigmaFail    1.0000e+00    1.9739e+00 +/-  1.98e-01  <none>
             sigmaPass    1.0000e+00    1.3343e+00 +/-  3.55e-02  <none>
                 tFail   -1.0000e-01   -5.3080e-13 +/-  3.83e-04  <none>
                 tPass   -1.0000e-01   -3.5527e-15 +/-  3.85e-05  <none>


  Correlation Matrix
 --------------------
   1.0000  -0.0001  -0.0933   0.0011   0.0000   0.3660  -0.1091   0.0000   0.0007  -0.0000  -0.2888   0.0000  -0.0033   0.0000
  -0.0001   1.0000  -0.3044  -0.0000   0.0000  -0.0698   0.0000  -0.0844  -0.0000   0.0000   0.0001  -0.1426   0.0000  -0.0020
  -0.0933  -0.3044   1.0000  -0.0002  -0.0000  -0.0282   0.0182   0.0398  -0.0001  -0.0000   0.0482   0.0671   0.0006   0.0009
   0.0011  -0.0000  -0.0002   1.0000  -0.0000   0.0008  -0.0006   0.0000  -0.2699   0.0000   0.0006   0.0000   0.0000   0.0000
   0.0000   0.0000  -0.0000  -0.0000   1.0000  -0.0000  -0.0000  -0.0000   0.0000  -0.3121  -0.0000   0.0000  -0.0000   0.0000
   0.3660  -0.0698  -0.0282   0.0008  -0.0000   1.0000  -0.0715   0.0091   0.0004  -0.0000  -0.1890   0.0154  -0.0022   0.0002
  -0.1091   0.0000   0.0182  -0.0006  -0.0000  -0.0715   1.0000  -0.0000  -0.0002   0.0000   0.2110  -0.0000   0.0018  -0.0000
   0.0000  -0.0844   0.0398   0.0000  -0.0000   0.0091  -0.0000   1.0000   0.0000   0.0000  -0.0000   0.1597  -0.0000   0.0004
   0.0007  -0.0000  -0.0001  -0.2699   0.0000   0.0004  -0.0002   0.0000   1.0000  -0.0000   0.0006   0.0000   0.0000   0.0000
  -0.0000   0.0000  -0.0000   0.0000  -0.3121  -0.0000   0.0000   0.0000  -0.0000   1.0000  -0.0000   0.0000   0.0000  -0.0000
  -0.2888   0.0001   0.0482   0.0006  -0.0000  -0.1890   0.2110  -0.0000   0.0006  -0.0000   1.0000  -0.0000   0.0017  -0.0000
   0.0000  -0.1426   0.0671   0.0000   0.0000   0.0154  -0.0000   0.1597   0.0000   0.0000  -0.0000   1.0000  -0.0000   0.0004
  -0.0033   0.0000   0.0006   0.0000  -0.0000  -0.0022   0.0018  -0.0000   0.0000   0.0000   0.0017  -0.0000   1.0000  -0.0000
   0.0000  -0.0020   0.0009   0.0000   0.0000   0.0002  -0.0000   0.0004   0.0000  -0.0000  -0.0000   0.0004  -0.0000   1.0000
