
  RooFitResult: minimized FCN value: -589181, estimated distance to minimum: 0.0150256
                covariance matrix quality: Full, accurate covariance matrix

    Constant Parameter    Value     
  --------------------  ------------
              massFail    9.1188e+01
              massPass    9.1188e+01
             widthFail    2.4952e+00
             widthPass    2.4952e+00

    Floating Parameter  InitialValue    FinalValue +/-  Error     GblCorr.
  --------------------  ------------  --------------------------  --------
              NbkgFail    8.9710e+02    3.5978e+01 +/-  4.54e+01  <none>
              NbkgPass    5.0000e+01    3.8150e-04 +/-  4.29e+00  <none>
                  Nsig    7.1402e+04    8.9242e+04 +/-  1.52e+02  <none>
             alphaFail    5.0000e+00    7.0485e-01 +/-  5.07e-02  <none>
             alphaPass    5.0000e+00    1.0481e+00 +/-  3.57e-02  <none>
                   eff    8.0000e-01    8.9982e-01 +/-  1.13e-03  <none>
              meanFail    0.0000e+00    5.6804e-02 +/-  6.47e-02  <none>
              meanPass    0.0000e+00   -9.1400e-02 +/-  1.82e-02  <none>
                 nFail    1.0000e+00    2.7775e+00 +/-  2.18e-01  <none>
                 nPass    1.0000e+00    3.9556e+00 +/-  2.02e-01  <none>
             sigmaFail    1.0000e+00    1.1903e+00 +/-  7.12e-02  <none>
             sigmaPass    1.0000e+00    1.0016e+00 +/-  2.32e-02  <none>
                 tFail   -1.0000e-01   -3.4383e-05 +/-  8.61e-03  <none>
                 tPass   -1.0000e-01   -1.1319e-04 +/-  6.20e-01  <none>


  Correlation Matrix
 --------------------
   1.0000   0.0007   0.2107  -0.1306  -0.0000   0.4541  -0.0180  -0.0000   0.3200   0.0000  -0.0646  -0.0000  -0.3255   0.0000
   0.0007   1.0000   0.0088  -0.0001  -0.0032  -0.0017  -0.0000  -0.0002   0.0002   0.0093  -0.0000  -0.0005  -0.0002   0.0673
   0.2107   0.0088   1.0000  -0.0279  -0.0000   0.0970  -0.0038  -0.0000   0.0683   0.0001  -0.0138  -0.0000  -0.0697   0.0006
  -0.1306  -0.0001  -0.0279   1.0000   0.0000  -0.0601  -0.7732   0.0000  -0.7199  -0.0000   0.6519   0.0000   0.0363  -0.0000
  -0.0000  -0.0032  -0.0000   0.0000   1.0000   0.0000   0.0000  -0.8111  -0.0000  -0.7107   0.0000   0.7463   0.0000  -0.0002
   0.4541  -0.0017   0.0970  -0.0601   0.0000   1.0000  -0.0083   0.0000   0.1473  -0.0000  -0.0297   0.0000  -0.1502  -0.0001
  -0.0180  -0.0000  -0.0038  -0.7732   0.0000  -0.0083   1.0000   0.0000   0.3353  -0.0000  -0.6897   0.0000   0.0068  -0.0000
  -0.0000  -0.0002  -0.0000   0.0000  -0.8111   0.0000   0.0000   1.0000  -0.0000   0.3806   0.0000  -0.7264   0.0000  -0.0000
   0.3200   0.0002   0.0683  -0.7199  -0.0000   0.1473   0.3353  -0.0000   1.0000   0.0000  -0.0666  -0.0000  -0.0759   0.0000
   0.0000   0.0093   0.0001  -0.0000  -0.7107  -0.0000  -0.0000   0.3806   0.0000   1.0000  -0.0000  -0.2048  -0.0000   0.0006
  -0.0646  -0.0000  -0.0138   0.6519   0.0000  -0.0297  -0.6897   0.0000  -0.0666  -0.0000   1.0000   0.0000   0.0279  -0.0000
  -0.0000  -0.0005  -0.0000   0.0000   0.7463   0.0000   0.0000  -0.7264  -0.0000  -0.2048   0.0000   1.0000   0.0000  -0.0000
  -0.3255  -0.0002  -0.0697   0.0363   0.0000  -0.1502   0.0068   0.0000  -0.0759  -0.0000   0.0279   0.0000   1.0000  -0.0000
   0.0000   0.0673   0.0006  -0.0000  -0.0002  -0.0001  -0.0000  -0.0000   0.0000   0.0006  -0.0000  -0.0000  -0.0000   1.0000
